X
410.232269952306
615.125312331471
801.399394371182
999.780175225346
1137.95703800175
1266.13446221188
1381.23456086891
1507.74311941094
1589.71744874972
1680.57657659948
1724.86063553289
1802.81289593639
1846.38714620337
1922.66725534032
1959.63304584623
1993.77910472757
2038.58760929668
2107.44989695625
2142.44689854237
2154.13187415784
2166.2461858935
2188.39866412992
2200.94374084791
2194.35795194601
2203.10619541232
2202.41215705379
2163.50513101045
2209.30470203857
2174.76520975181
2168.6896086047
2209.56493910546
2225.69917556057
2210.79023184808
2182.06923510838
2168.43848502303
2159.7719798487
2166.0826100276
2113.53765896592
2162.73320362209
2159.49917727052
2166.20933906565
2167.48308056259
2182.57376041484
2186.61733642961
2204.40199624185
2249.75621083524
2192.31544882942
2221.55035977239
2192.72840772427
2246.86290537492
2235.43265399979
2207.16124375515
2203.03593054363
2201.37972672179
2177.65361566192
2225.75206595435
2182.1125316912
2192.67293687904
2163.41991309472
2192.64975433776
2185.41692545141
2219.66610902912
2194.40671198457
2207.19866271547
2197.80354903358
2184.97903711775
2218.03865475149
2252.52457044713
2260.67042933199
2292.16742583514
2283.4995526208
2286.81512400822
2287.12744540795
2267.18534730664
2286.98316480146
2265.34194945708
2271.31094322624
2293.05689911652
2280.09317542375
2250.38139989259
2244.73947853473
2219.36809623296
2241.31868449692
2214.49295697587
2193.28100885275
2233.01637874818
2189.23949792567
2223.09127740488
2225.53371533436
2224.24219802389
2202.61103933162
2197.49593450485
2206.41873370408
2239.25396221873
2207.36044138303
2229.40036196601
2208.9041872478
2233.85976814291
2226.94914604443
2229.18704105617
2275.19053042168
2248.71561538252
2282.22836398579
2262.50131561471
2252.99753829682
2263.49634525585
2225.97614192258
2232.03860607486
2231.46674292043
2253.11516356735
2258.32499325768
2197.92077469515
2231.42174272178
2231.31352053028
2237.44341060706
2222.03202567664
2263.4115349552
2254.68776306305
2271.36246573754
2218.41733875027
2216.38771828838
2238.20154084727
2230.86641016288
2231.41937048913
2217.10292316204
2217.03457717586
2190.08952779007
2227.92030875755
2218.6799203953
2254.32002387421
2265.19316894265
2259.65709673179
2268.57364703814
2264.65498907553
2232.34119187776
2220.69349338349
2226.06654744974
2225.33686719544
2228.73795140067
2264.45128021824
2250.86703079928
2257.27215706172
2245.61449227615
2250.31598525719
2261.43163696141
2245.72216935793
2233.47931981758
2206.21884522637
2200.4621213887
2197.00501328741
2196.00519737591
2179.14660071465
2214.71182556365
2213.2495094455
2236.05072806733
2229.10261313533
2214.86071368933
2219.30126465021
2256.60595814099
2214.72966501564
2212.20002984152
2186.79814346027
2211.27054183236
2245.61031313716
2227.26489124287
2256.11257760683
2245.04576193625
2257.67856292096
2251.27400563451
2226.2953948735
2257.72710281473
2215.93044898216
2254.04875971977
2253.18765960814
2215.7223937542
2213.89651991353
2230.40380162279
2223.64017844064
2203.20548098042
2210.40575273601
2200.65007055397
2199.86589674101
2208.76385067932
2197.31560474505
2229.96109844427
2184.18516489638
2193.48331160334
2186.24560536293
2193.79922616217
2189.23388518109
2218.3118388259
2215.33621199364
2202.10902300197
2223.46961392979
2221.19549457217
2261.22557790878
2261.0476096446
2266.87640426169
2269.28483489973
2260.39014235408
2265.16589139769
2251.44783894854
2236.49483545501
2262.01695236697
2279.04092854939
2274.98921754748
2259.39911699774
2297.96244166498
2273.76093038685
2266.05275882344
2282.39252623724
2290.93400782507
2305.05899099347
2289.41263519405
2303.7755684458
2272.09116288422
2297.17232313668
2280.13429775002
2240.17349059382
2263.10657272038
2286.2148031827
2290.0271150462
2294.1254136668
2274.34073798149
2236.32989882058
2265.4635277588
2247.82502299707
2261.34505712136
2250.37388600978
2222.696894486
2250.2603053142
2241.56648140448
2222.16261087726
2258.90982736826
2231.38361037604
2261.32440164313
2235.58967390408
2207.79685543486
2234.24548577205
2286.52327454376
2274.43052163894
2274.26757989909
2265.72825722368
2274.70147325121
2268.35778118592
2250.5568184516
2247.03398438673
2228.27022554023
2244.01529566294
2232.10155320936
2244.71307724514
2229.99593972561
2250.36341016577
2269.47204357087
2282.90502678025
2325.18934917165
2340.62063687877
2312.46338334269
2277.595331113
2279.31907436357
2274.34208742845
2267.36309471216
2246.93014016702
2236.37901612679
2232.50819797635
2228.59064614469
2216.14510200474
2241.96165305509
2201.10211296606
2258.0274112012
2227.87777739118
2231.75512111246
2219.62189692377
2230.71356060134
2240.44838979965
2220.59317590902
2195.33089483765
2210.59161129882
2216.02311661164
2227.24328203843
2257.48653503712
2222.18729027461
2207.66398133071
2208.02806013737
2263.03385074687
2231.79455415027
2238.9058662089
2216.54179653499
2237.92412231194
2259.49693604898
2274.83652752105
2274.78104975447
2259.10071771327
2272.42542824201
2254.59983153422
2211.62534713849
2244.36809125967
2249.45282170267
2233.7270627969
2220.4437097323
2194.10158099977
2180.17858176565
2223.64338646393
2212.05519891139
2209.64555205011
2219.68623719371
2240.12512299002
2233.43655306452
2227.8972940598
2216.47261866202
2239.33055889268
2218.23914460473
2242.17434843844
2235.117066155
2241.62895772165
2254.40798434712
2259.39269693511
2261.0864981079
2298.25209649343
2314.30053144795
2304.14177206035
2304.48340585302
2283.50983354556
2263.3863486904
2259.653688419
2263.94500018823
2270.40375739011
2288.26892114245
2266.57523808665
2257.21146701104
2232.13801752431
2244.11447433175
2261.47810628349
2266.52758329553
2218.95641316593
2209.98596288411
2194.37257314947
2216.2481017008
2216.43602436668
2251.32997343526
2202.81695489471
2206.88654676908
2238.72957302427
2230.48916780906
2230.53353921067
2231.01998627494
2281.43706496876
2256.06012484371
2267.26755612422
2253.08269408248
2286.27534546871
2263.24947720878
2236.59474922225
2273.09561309211
2252.22780661358
2250.98818919112
2232.74098525597
2229.3095616977
2206.2990172679
2205.51699432662
2202.76969275042
2222.33971214496
2218.15543101808
2228.5504025334
2248.87492975949
2213.35448137458
2223.43771274942
2251.53310879574
2211.30910015442
2234.12060351703
2277.6798754437
2280.91294697601
2267.29606427623
2253.96174742559
2260.44395950194
2262.90451141151
2240.73838442185
2282.7969337466
2285.25150416978
2270.25853710094
2268.49177158323
2223.78391852294
2273.94772572425
2237.9483624337
2278.70853612249
2229.92026566515
2253.40466886306
2248.81076045789
2261.20650207092
2251.77748464678
2233.78706595377
2252.18574730879
2273.6897608404
2295.46921905031
2262.90941233973
2226.03708108382
2237.30172560004
2277.24033100061
2272.70184286669
2264.4209151338
2267.00729453785
2246.55811493542
2233.146940462
2253.18517809879
2247.64457166604
2299.55960961223
2291.76657704803
2315.66526847644
2326.52864585657
2292.62699360052
2298.18164728611
2281.24615022498
2316.21457109434
2275.03703432332
2279.67359540046
2250.94676453864
2226.86041205358
2233.74350011324
2249.0129588456
2236.57516871106
2227.91638228111
2271.66507842986
2275.00651482593
2240.17850606665
2259.60694194924
2247.52620005816
2243.80191209615
2277.62258727638
2210.30732115284
2236.1814283818
2279.61239952244
2242.8615848967
2263.71721579843
2244.17422612054
2265.4395564967
2222.51358395016
2202.71792425522
2198.03923385163
2231.48381941029
2249.70541429975
2226.34136772519
2201.17536363012
2231.01348759943
2259.06480904579
2220.99497885016
2227.13742383332
2244.87142418984
2233.75922474399
2229.03154457888
2256.74131323958
2259.4608934677
2215.18998101304
2217.30919844284
2271.95000293049
2239.30632474761
2264.04986336868
2264.20171250241
2262.81877242791
2240.01007390044
2265.77366342449
2243.54946086447
2300.05743643262
2261.11688850535
2264.44749659923
2251.14919373015
2255.57924419212
2263.46141853333
2226.14551634006
2237.00837103442
2243.80442802334
2220.20839347803
2251.1976279322
2256.94364403615
2272.15759371971
2275.58390758577
2264.82032019363
2229.3086365524
2236.23917123118
2211.40436526936
2225.73863978774
2215.75212150868
2219.99093712026
2224.2293049277
2274.2436315871
2242.49899027899
2269.37363555112
2252.86390128134
2224.81593373595
2260.56544836124
2213.22444730688
2236.89995192317
2213.57239990839
2226.84783809145
2278.60338117196
2304.53874349648
2296.24981655906
2299.35825836974
2283.00698051308
2271.09663379998
2289.15730204815
2256.98011913806
2256.39800607574
2305.98167117324
2284.97088140963
2268.28937694856
2223.78313644343
2233.16281547821
2227.14689467489
2220.62362233493
2215.53925580146
2221.75647638955
2251.24725880848
2217.77251547607
2229.71390831782
2231.41251805021
2205.6167541089
2252.75982432129
2274.17617952426
2275.55252012496
2261.14709883788
2236.92530895074
2256.5431700317
2265.10477327594
2258.30039838449
2225.44792592419
2273.31635074991
2227.71164250575
2244.60184817872
2237.40985118531
2176.16197890503
2204.52334698433
2188.53481025304
2219.4611361259
2230.9954731479
2190.36269920082
2197.4843374917
2209.84310767714
2215.67197669394
2248.37687953482
2217.12159450923
2226.24186131965
2232.17489767417
2211.7987877062
2245.52501778031
2207.92640233892
2231.87503173894
2211.58285085154
2229.74994389384
2207.91122649548
2223.44135856141
2177.79368070069
2164.99870176953
2169.93965916487
2185.1321771792
2193.24301205373
2196.74374073969
2182.93809128661
2184.64142333703
2161.78500509576
2152.22522744403
2112.85442016059
2147.98053669747
2161.2203351288
2172.8901910628
2153.61071464766
2178.375488728
2192.14978507315
2198.52050822506
2256.63097097636
2219.52308325877
2222.35814985938
2198.02264280078
2237.41192025081
2266.97082717549
2217.59215607265
2227.51300531915
2274.39793886436
2260.58434528825
2257.50064758274
2269.85678254012
2276.99651210989
2243.7850328254
2256.04165305112
2241.52955813188
2211.02862738237
2198.37610015452
2211.67108629799
2207.67860307132
2188.09148079801
2213.52360484918
2195.47078532733
2230.23020469872
2244.15961811256
2229.25475266487
2253.10172445672
2251.48035676754
2244.20201850791
2254.64150964824
2244.48784556943
2215.64763204782
2246.20914677193
2248.16450262357
2229.48261321569
2241.60337639976
2240.78844060165
2206.01332336497
2172.70072293382
2190.31378884675
2143.06134063966
2173.14978793854
2149.35971614385
2173.97430734146
2153.47685703978
2143.69811065716
2191.72248518598
2188.26185615587
2168.87160916899
2189.29169027869
2185.84029381665
2183.8368612959
2186.72484407158
2145.89569518482
2134.82872462856
2128.78495830196
2160.5275054568
2164.41784376407
2180.20792893173
2168.00988611811
2144.386122383
2175.29468339256
2205.31704555312
2197.71430745318
2229.07073972747
2228.01226520121
2254.3080790075
2229.78183049996
2221.24367436875
2238.53342303641
2262.24941745657
2254.6036119829
2276.0602923711
2264.26206510971
2222.64853511094
2208.70005780148
2235.65194516642
2247.72279821905
2240.78527359219
2234.77948058127
2248.2107021066
2227.57660240467
2232.87288552479
2206.11448046571
2225.76656143214
2192.22660169801
2214.1308361514
2246.68882636621
2251.56916676145
2231.86303763529
2220.27086672228
2220.54958587491
2281.03141221398
2300.41286225691
2287.43293502585
2285.5714515593
2287.91026246925
2323.59178874702
2308.85246089567
2290.70863266959
2254.58750447455
2297.78408570717
2279.67328481747
2281.56689132766
2292.71948196511
2246.8335575548
2275.37132395971
2275.37290358147
2307.85069920832
2275.91660450221
2259.05411559261
2318.34534403343
2299.48522899383
2299.92673962246
2308.07564080696
2269.62917241276
2291.86024677647
2305.28443746594
2265.74475924026
2289.14721641249
2243.41423697365
2258.90313496162
2267.19428626196
2218.14051850595
2227.09791260297
2205.04639870721
2226.62424079092
2230.90193967653
2229.43667166304
2223.16873015204
2211.8437148408
2199.99548149489
2206.66917704656
2196.22815820721
2157.64313663481
2153.72459793086
2159.84343865847
2142.97581547085
2173.80505387609
2165.62901055515
2190.34031284087
2176.66793768182
2183.02995148999
2186.48807852526
2203.30727556252
2199.13325295468
2227.02906227942
2167.23420467698
2201.7108521584
2246.62741193896
2238.03888839075
2237.09440147091
2235.36285684833
2249.77863772567
2248.91902117526
2265.30380165267
2282.32572740651
2239.91416915633
2261.0282816617
2235.25474308977
2239.50100173086
2232.01969051827
2241.67526583836
2282.90271949341
2271.55445868128
2241.42528782972
2245.79125314324
2213.84971180206
2215.78839492949
2206.93917966392
2257.60302452732
2234.55669224743
2244.6757693462
2265.35170262093
2237.57007990625
2234.77283332019
2198.54443852325
2190.92704618235
2214.82350497601
2228.96325272407
2217.2676542401
2205.60662306115
2218.89049008942
2223.55410209774
2219.9125703519
2241.29688162642
2217.08174510238
2220.38867242955
2227.01747802597
2279.61018855232
2286.5563561887
2272.48588913053
2260.65116539245
2236.51308729844
2250.84968927584
2228.27714640637
2230.09703735059
2169.74764223182
2211.89235468767
2209.56142969714
2214.86702739052
2212.21877106854
2246.61416588613
2234.64308355388
2247.07837700168
2247.44028169065
2249.7113642773
2254.49739454119
2236.1502653568
2265.41520212603
2207.01237542044
2230.37279357344
2224.8981326192
2234.3960810704
2236.34636496058
2227.59778518565
2190.8180315493
2200.4428642523
2204.38087670313
2178.11650617765
2186.89310382821
2197.60069950989
2221.15866377881
2215.48373922161
2216.90687388476
2210.82864040643
2258.20916001027
2217.11242261127
2247.82032588812
2231.31413256574
2241.05756421154
2242.74102488767
2244.49905805935
2227.44136734765
2254.09342746781
2227.63365665904
2214.1623712011
2231.24386276772
2202.13186591063
2231.06185141589
2201.60192166082
2206.54326486946
2192.58565576835
2203.84415469633
2182.06061058797
2190.79707710952
2251.24123166169
2221.33258490506
2213.06420314861
2292.56659845119
2279.60630994172
2243.49550163335
2197.91008519753
2210.35957460204
2240.47010848563
2232.63404312789
2232.91569987223
2249.38876748625
2232.88124603883
2253.48442123276
2252.4081268704
2264.49465438723
2267.57265012588
2240.80062362878
2244.93905542805
2234.37163660071
2195.09646189034
2254.89681057734
2255.61420563182
2246.23070651185
2234.5867005131
2226.2187120056
2235.75402692944
2219.02425004646
2212.62514025362
2238.84416848701
2225.46307261343
2194.4678081637
2209.23904480562
2201.58640539451
2222.28484607271
2230.58317343686
2201.44257510581
2245.30148522586
2248.24084512239
2212.69120689202
2231.90422423002
2222.23717348896
2247.09533493353
2226.13786595126
2195.98718389972
2238.55466095947
2207.56837318815
2212.9442056195
2208.65389421356
2214.74213935315
2160.88443899035
2147.85423107391
2183.23461671106
2189.68047695791
2193.89865041212
2165.87096458686
2198.55936823199
2156.42961092788
2161.88547261402
2178.42529605208
2187.94434155606
2189.58358315841
2199.07416199973
2226.01087335848
2192.4026915041
2184.77398365836
2218.84184723076
2218.60762942026
2197.34131699847
2210.9552276052
2180.46982124772
2213.94953280306
2224.94751940944
2206.75945791218
2222.83136585498
2258.14771735112
2242.61054916881
2250.53996494355
2262.81892091318
2275.08399574044
2301.02628813574
2307.93521676588
2330.9076324895
2325.74434459954
2320.4996832559
2299.52185284143
2309.89382281646
2254.97942233916
2283.64763126531
2233.44306282633
2226.2181027213
2232.88805265075
2211.2223375675
2180.00622000605
2216.13014884505
2241.63239783168
2202.10602443586
2232.90752771549
2282.03065848865
2290.31795874007
2253.37157189103
2278.72767060653
2299.11637308359
2290.85476025047
2277.64590060837
2231.95940257002
2224.24444271677
2232.04349225061
2193.13353387479
2226.78412881098
2237.17465250923
2231.84223376142
2238.82393197594
2247.63775389571
2217.54174368678
2245.75701264293
2272.59177206951
2238.15315557994
2261.21657293274
2248.78129020571
2241.81085693766
2235.92578423573
2225.09322472715
2228.19040506526
2201.15611462857
2201.66419387675
2211.19742273969
2248.07203715152
2227.30162475457
2209.83072512385
2206.43766632391
2176.06684593285
2177.7241446055
2173.71520443613
2193.70254749695
2211.42627939189
2203.44392292167
2244.55867579332
2172.77296356133
2160.08052885875
2188.85868536785
2211.04659118149
2225.05104989172
2255.0975602587
2262.30007064538
2234.73495905534
2204.25939410678
2219.02753833044
2230.0653636493
2224.2304074234
2182.52282653996
2205.37352414173
2240.08932694179
2180.83983638762
2184.07685989685
2224.60178832469
2177.26750322929
2207.9807767494
2198.10818831022
2210.47175955813
2253.0991277259
2256.53995052346
2246.00454681497
2256.37958307293
2243.87412228577
2243.7453197172
2245.95081818176
2233.01707124991
2235.70850499557
2258.90049032406
2263.91749105544
2246.06878360663
2219.85141930259
2220.15221242225
2203.67187023318
2194.70053042003
2238.71065402118
2230.76086965643
2185.98007850295
2165.92929973865
2204.30142214252
2207.74418184472
2220.60606021478
2256.26359721361
2232.7478821629
2230.6978815004
2215.07586069815
2194.44883241387
2186.55899172639
2208.34480888327
2229.35001855266
2212.47546656148
2187.15082669273
2218.60300057241
2171.61268429756
2176.32972227943
2158.74968626346
2159.02868667088
2168.2439297441
2214.98872039503
2226.06444097722
2211.78094436264
2218.85516346287
2189.39871344715
2199.43608681758
2209.00634717548
2194.62850791493
2196.94925978086
2220.36133407617
2186.95984526871
2226.53170993813
2261.98964447795
2232.68138923199
2243.11756218056
2242.02285856585
2236.70124793901
2214.1808095256
2214.46976688582
2234.92304628179
2247.21689388194
2220.68216505276
2231.81040131554
2244.44234112216
2269.05637083515
2268.14892637394
2216.81410143095
2218.36868720941
2210.30022278235
2207.24396382022
2204.06059296262
2233.22685228279
2229.34341961733
2271.70194734884
2265.82512357501
2253.83038373981
2272.36569620242
2250.47443729508
2240.84332695198
2241.74230925652
2212.89626611457
2214.56295316443
2199.58220866365
2191.86416273855
2191.22407900175
2164.80015458922
2172.20743544018
2183.94838855435
2223.46184409356
2246.04403541517
2230.427886642
2229.27527522127
2258.90292936858
2254.33184933787
2225.14211110025
2226.47798253017
2223.57931901883
2196.07983344282
2204.29359466354
2245.63509550472
2251.69965441426
2271.13821942396
2262.58276562016
2259.4617920906
2281.92729685036
2262.24355329213
2268.15610524894
2246.4177271599
2207.65197162828
2211.73214619034
2222.68349722511
2244.2741107652
2240.30600248492
2210.52232529109
2240.04893115264
2235.69600752974
2220.38375808364
2213.36021630175
2193.66359035444
2212.66930400709
2228.21595918937
2231.27520894319
2245.67554430495
2243.33487970102
2243.70978866494
2235.26074375639
2273.93713755074
2235.2604200376
2252.43073004594
2276.83657577621
2281.06140711948
2293.10516170156
2279.66775678774
2262.62085581499
2263.12775893399
2285.8173915397
2287.99882820138
2265.71703734023
2219.85385826985
2238.9907098265
2279.80883588142
2278.51560893376
2307.61950398693
2306.35331949955
2258.29792303002
2256.93756947392
2264.98253919316
2240.74974482769
2246.81488182465
2218.23916687527
2237.36299530167
2263.76642487044
2227.17169691253
2243.51571601097
2254.82215901671
2246.99168723143
2241.47003078678
2226.25337533789
2228.90278900742
2215.66651027219
2230.49534430674
2195.44114466769
2169.25663615328
2236.32093046207
2211.15221336424
2213.59944815366
2214.02697528112
2196.37469769179
2244.59811833168
2254.74853447783
2235.89359272783
2253.98355506913
2265.60502735133
2236.47174843243
2276.30763435541
2272.33358387754
2287.07697698471
2277.17531272981
2284.95370789622
2243.58745318048
2282.52170216193
2222.68572843886
2201.30032497573
2219.61230695914
2200.70696320593
2211.88277608191
2234.74964445679
2247.43445592104
2250.73367887675
2262.83042643319
2273.81716493211
2282.8504898096
2289.56375917919
2299.56137659566
2301.24604015422
2304.5175732986
2296.57821747875
2289.0230134085
2284.83862836143
2274.5163668467
2323.00364930688
2354.94849837673
2309.0140330957
2322.54383364896
2298.03766905295
2290.18972265555
2301.85738644314
2305.33368730521
2321.08191181219
2264.31461580443
2232.26757934025
2272.46827445874
2255.97995268849
2267.90033200546
2296.97829049076
2270.30370101938
2257.83928416376
2256.96980311184
2247.42865173567
2283.7006997244
2246.86364524789
2226.02996850325
2241.47196279815
2238.44331582676
2223.74445706098
2228.07019104185
2263.63645370715
2247.13589341964
2283.78735123914
2257.3727125716
2289.94328961694
2277.38446584327
2303.10423365962
2299.65820005634
2325.16866508535
2300.17351171672
2305.90928011181
2315.08019933983
2311.51785990332
2265.29616303822
2255.53024045248
2284.61077340743
2239.58401204469
2169.40656518715
2182.53055944486
2218.301685345
2187.91656855007
2222.33992860039
2220.41958044087
2228.96630639592
2232.81116476445
2190.30560932823
2188.42484114634
2181.8033782471
2198.22124242869
2210.86921875786
2222.45977315117
2190.45771136285
2230.82213231806
2233.52333067175
2255.7649066238
2251.90644004132
2232.59149962099
2281.66252373143
2327.73945634346
2265.92275408674
2281.57372868638
2270.23415314173
2271.48829790754
2275.12231606595
2239.6276848331
2256.99033538592
2249.98990134345
2240.77777067476
2208.09154052907
2227.59158514011
2224.55185316571
2215.33824380507
2230.89530816758
2254.22585719883
2236.08986451817
2235.66267324568
2212.50958647583
2234.89287693539
2242.44734492957
2241.42909407747
2258.51482222529
2250.93583410054
2270.29618738907
2281.54942487219
2305.73920552752
2286.08270177458
2261.0204210838
2232.46658284578
2233.633118488
2246.65190232219
2248.34437239518
2213.95178158017
2256.80172530728
2200.45761335238
2223.93982392198
2278.76268088889
2257.7519597204
2281.65935280382
2274.66767519692
2254.10153821256
2248.72971307019
2240.86887269701
2269.84279055824
2223.67089768223
2213.39405367378
2240.79660696274
2247.17307041239
2256.28285883052
2225.55346505728
2235.55009860245
2200.86194863883
2206.45419673064
2240.45207572365
2235.33232036038
2214.52722268224
2221.92223601323
2218.09364289479
2204.53388296793
2241.94572572709
2239.9670457024
2201.41620632476
2249.73115811747
2225.69210304989
2225.34929051332
2226.38650947923
2196.98223633147
2231.99226508933
2268.60637993552
2237.07382472045
2268.41678359939
2269.94232962073
2249.15121299205
2265.95952373135
2224.56112429475
2226.75327141589
2225.19178550553
2198.36441323543
2212.98384870793
2210.12354662058
2189.26296627727
2189.22544916254
2175.6513842215
2203.24993551223
2227.4915671732
2237.55366864374
2258.97367560255
2275.13383743694
2240.65598095146
2222.88838380275
2221.92504036961
2288.61442220783
2291.13104971549
2287.19296339904
2316.11571703412
2298.11030475997
2281.49614627567
2273.65070075403
2280.15953717
2288.02412090004
2270.25965794852
2264.7070541814
2268.80178060331
2253.9000408649
2228.809759748
2225.71066688765
2252.01884685646
2320.16263511247
2265.21285006062
2304.82759668796
2303.44707266263
2300.42089122195
2268.75780420042
2280.78744023329
2241.68748125716
2278.31563058064
2289.31572099578
2291.94687934836
2279.71636697113
2291.55268945063
2293.10746927735
2296.21888010084
2237.95188749553
2260.85577953961
2296.58398974568
2269.77725405862
2244.26075678107
2267.85897653893
2243.16865826727
2262.11226295189
2228.10652040107
2232.03368647302
2234.18713934581
2209.39004586092
2228.5936513497
2231.45500195895
2266.6575996216
2236.33700891573
2199.56489795107
2219.72553326093
2223.65210621111
2238.55698183409
2245.42807209333
2262.95959033229
2266.37832378428
2264.04178073554
2273.38457447632
2302.9864023926
2266.86276585207
2247.55869733135
2243.30537183105
2275.89922441463
2286.05547572212
2252.03651465436
2243.78377778479
2303.3292671769
2338.73906384725
2284.98970719046
2334.40987499892
2325.17945384931
2317.82093312389
2286.19904099499
2294.71351762385
2266.73473775077
2288.95567151438
2293.67634018617
2284.30087378589
2311.34295959563
2276.64064245374
2248.57993495703
2249.1167137411
2225.68976277401
2231.3046572046
2236.31579653121
2243.99633666424
2260.038425859
2239.81972645211
2222.53108908434
2237.20788710977
2254.75323912713
2235.05667892811
2233.12491485478
2277.91916564484
2230.73797082163
2249.8503230299
2231.57247076484
2222.32954287887
2240.00612544924
2238.86695788009
2253.83206399406
2244.11248804894
2223.39197214527
2219.18391541051
2216.92425851881
2230.4827149802
2210.86006029107
2222.88500564655
2254.22851060279
2213.44629846374
2214.02069265092
2207.73784619776
2187.04985022841
2187.27842621718
2183.46268021079
2232.32725129682
2215.30854245831
2223.35768582462
2224.87528346793
2236.29527671177
2264.8172346284
2226.78224425104
2243.59333053958
2253.58529424652
2234.24964227611
2249.39572942378
2252.94108083826
2282.10292154388
2258.82973892895
2248.4524767498
2299.66681785262
2268.13069993058
2311.24260136952
2314.84185160948
2309.77840147607
2276.63703051673
2298.8046095503
2317.74792168509
2296.19263325053
2271.98477181508
2280.3088926518
2279.97659703134
2319.04028020824
2261.68451537043
2259.26044901516
2282.52840206584
2282.21721402301
2277.24085329825
2306.98937421012
2275.23410012153
2284.48705621589
2274.48924122814
2285.44489229282
2252.7795523444
2268.32475610277
2278.34331400805
2269.83556920822
2272.9550332268
2257.60164525548
2274.27113668749
2280.53964982527
2200.30564696921
2221.6136569426
2234.1905791976
2218.51835403114
2201.19777795952
2208.60648173196
2254.1102221137
2260.16736420348
2260.92000459525
2284.80461634581
2279.75066574086
2261.53131829067
2234.40814630264
2265.51972813827
2243.58477059651
2235.52933754865
2252.86405914985
2236.1157199666
2264.92781694576
2288.38502923352
2269.77086446006
2228.56658272441
2267.35482258583
2258.13352224779
2266.0390438986
2227.32283232071
2245.43092642026
2227.70280821706
2273.27688716133
2278.2681546333
2242.22185513299
2222.24972969333
2252.36016909063
2243.39665157203
2250.17683615485
2264.45971739314
2240.48319860057
2263.8958070829
2233.90279665954
2244.24209484703
2218.13934924333
2251.29723218256
2264.66656656089
2279.97476303966
2306.09127180563
2293.10618331769
2253.93074588242
2268.89148608361
2307.4793622583
2333.88574344231
2318.34600602686
2330.51753483799
2315.93953030264
2282.97925193398
2301.29675433269
2292.78349337615
2267.14128720931
2265.52768100478
2275.72175701396
2253.95033177861
2312.12514433439
2273.26902340314
2262.22951495821
2300.7989906439
2270.10151989939
2227.87407818081
2271.41245835066
2273.70389632706
2295.37344344152
2269.24326030219
2273.02949255621
2243.03504683163
2270.18125347328
2273.79240677632
2249.91684939532
2226.6850393529
2257.91655105526
2226.96025367725
2232.47099894252
2225.15876093715
2220.89425446814
2179.48524975116
2184.03051791319
2210.53795435729
2228.23574866653
2227.71470530154
2260.19177537281
2232.84848954159
2247.20114079875
2252.70766060416
2239.11498440115
2198.79218499985
2207.06615879208
2207.17732330598
2218.76661536689
2222.92933064695
2253.86837723007
2285.0761989669
2213.19277982759
2210.06243118158
2210.18056780589
2204.12333905245
2199.50933521077
2223.35195772521
2272.04569372479
2262.17832389095
2253.78795597411
2236.78727454704
2269.10806761676
2243.87730742833
2233.32545043597
2230.02761102499
2238.09621276659
2216.98796097823
2177.47718122725
2217.93912270221
2164.35818719039
2177.22164706198
2191.34520156081
2155.32798420508
2196.39552671022
2197.2023774935
2166.03967690303
2219.05048874332
2201.36087731505
2206.75207326695
2216.68028602463
2262.30446586576
2254.39105527689
2257.41167284873
2213.3617351036
2229.06885742842
2233.46060670822
2253.3811786726
2209.67095228884
2223.3968615767
2234.30903482016
2205.61577780901
2202.1424603049
2206.02856003759
2227.90137706219
2176.72434764919
2237.08852787937
2182.82342794908
2196.28301909376
2189.14160873435
2186.0433361432
2207.19220625188
2225.79514780265
2203.61996159912
2206.71952264754
2251.2106897882
2187.28135142339
2237.82772367537
2187.83416801746
2223.45252445038
2225.29387701207
2189.35373837117
2218.9626208991
2169.22407017415
2165.33389079496
2214.3522155727
2165.0735623337
2202.75303331002
2186.44735597449
2177.91408797421
2212.32605758875
2191.79165168074
2197.57265167687
2206.90762442416
2208.98556780022
2222.80536674561
2220.80927006956
2205.19558744504
2243.59366472123
2212.0232352386
2206.44949485113
2196.41368421496
2254.80256465422
2239.12860589457
2217.09704997392
2240.86667214489
2236.56655124434
2236.06622325664
2235.66076423666
2245.1425174784
2234.46486065661
2240.67522891477
2243.07488245555
2244.16777564069
2243.9321442332
2258.38116139098
2274.59546793267
2283.81072281701
2265.79645580883
2275.16475177465
2249.59582705483
2253.74623546377
2260.50345223014
2221.24740747008
2245.19836217609
2206.39360209089
2187.47396897016
2173.85609779964
2197.16985089762
2211.68972608027
2219.21070926761
2199.0651396269
2203.67662097727
2220.42696394861
2245.0381171533
2247.61742234221
2240.85523234033
2227.10599627134
2191.08893192982
2218.82544924281
2182.20441452582
2191.64001322334
2209.60729788664
2245.79905963997
2228.57934704199
2219.05435427246
2240.7016369475
2227.8874101082
2244.36009674911
2228.45005332547
2264.68064847339
2262.75307115363
2257.00876057327
2288.76081018858
2281.47696180253
2291.60454315775
2298.7174133726
2280.55251348824
2287.33659816772
2266.13450582722
2244.62437872748
2271.06236443311
2221.70038890951
2247.71923790102
2254.96206604591
2256.11358129286
2246.61944075133
2262.16874933183
2253.79063921631
2261.32115666684
2254.7778876473
2249.70925837263
2241.07498415732
2238.42798048407
2248.24198727751
2252.17222170461
2262.36701197119
2283.14120524404
2261.16761932067
2264.53608539719
2269.14064195512
2230.32170479452
2242.76492018281
2241.30011933506
2221.14492267986
2268.49501693444
2203.56629461946
2216.71955876928
2256.03743027072
2205.26626416105
2208.4561294926
2214.04529553622
2210.67468694277
2238.55094866855
2212.38791306344
2224.00611144841
2228.64486644587
2230.86418929551
2292.29196680596
2256.98995105591
2289.67995026969
2273.57406228613
2286.79506337737
2325.05978073576
2294.19220401827
2300.25332557149
2260.74451206036
2307.6694675745
2333.32243360601
2268.47604482413
2288.07080265655
2307.02448509332
2318.65972849285
2315.12762669665
2298.73674746923
2300.61672398773
2270.80455324997
2278.14145320037
2287.33259944503
2269.66324726561
2267.91115337982
2261.75335847818
2249.59565022413
2263.73107933101
2224.23473755122
2202.34795371108
2175.50362639796
2195.82506672285
2175.29221404749
2179.04492096655
2218.45797511869
2188.50172146109
2187.45466157575
2175.27501468146
2172.47974553462
2189.92184138524
2237.34331512652
2226.78564312191
2202.3856108995
2208.11092264056
2216.56466648491
2220.53731581574
2195.95464484512
2190.08588176736
2200.39951585833
2212.80585988549
2198.5343958668
2236.21951926806
2204.24545764679
2226.14879503699
2207.01775094144
2271.66944201049
2258.4555814309
2268.71130864313
2258.22553030381
2241.74708582868
2234.1351351605
2255.63797038449
2234.89825148675
2231.97285716053
2270.56840275296
2273.691641358
2258.54774206344
2231.31915124048
2224.1291311449
2242.14041302009
2226.76442806592
2261.33139273283
2232.35545400141
2250.24553495692
2255.09733438885
2265.40405450711
2270.9849666586
2311.34760381777
2240.51791865417
2227.47749859365
2226.74872407848
2223.20179696466
2246.97036382045
2264.58484390504
2247.31744153943
2216.87702278396
2246.28117706814
2273.85388081922
2255.56981046182
2253.74529548583
2258.81225928086
2292.01533554951
2275.35973566721
2287.74842231978
2246.86097115807
2269.2432686209
2265.86457837184
2249.13437107909
2254.59708433301
2257.62201133495
2251.64482739033
2234.41377229681
2239.69870431921
2246.40146402872
2278.27972101318
2244.39828359242
2244.02830863392
2264.68482051789
2256.03099261358
2231.65755858794
2272.96371621172
2293.84417692182
2239.86737197149
2246.50108864214
2207.43946398984
2264.45754852599
2227.54332535844
2238.44707141155
2240.43073363775
2261.86763465359
2233.90425473595
2258.4061701437
2257.98852716974
2238.2816410218
2195.91317510906
2175.01627883921
2192.65185869177
2226.24095205423
2255.7718019435
2245.44405121054
2268.49240749655
2251.91858742922
2233.33538813323
2255.07914086838
2256.3140403137
2239.50067574278
2239.4763155134
2223.58611871933
2282.5277866934
2238.77320384371
2242.40286247094
2248.85866308065
2249.61498165604
2243.75497874963
2223.83058133003
2259.13570595269
2225.47073249304
2197.62500405482
2176.27815167076
2224.06617758548
2208.95105723471
2218.90752236533
2188.98744362299
2175.30658948222
2240.72771427397
2219.81121981324
2195.2503266038
2226.52026385211
2255.05076283147
2207.62263223235
2252.23106232368
2244.67909934429
2247.79724855205
2245.13000086109
2241.61499423349
2270.25403458062
2246.93429299095
2276.00697137883
2267.37682160572
2250.85124065202
2269.03842757063
2257.25172799397
2241.65531253191
2222.73878175003
2254.2513890771
2260.79133858541
2278.7180042761
2293.72971647824
2289.64385767345
2269.69739370925
2219.13771973179
2200.76100402061
2244.60772073577
2218.08833441557
2262.0492592504
2201.90616124898
2251.21436029041
2221.45952043967
2235.66543072686
2222.92714485916
2207.4154786453
2246.69533877704
2229.71237293026
2216.15575993961
2224.90363457478
2229.37011722817
2185.07918439574
2169.7877570838
2217.94832289291
2216.25895845882
2245.28440142249
2221.98905487963
2252.28125725017
2251.18861267035
2267.23989804602
2287.94504168978
2274.83686834358
2295.33339973595
2294.73849589542
2294.32951115616
2289.80857493369
2279.13218261065
2254.93263452359
2271.53414095093
2286.41472134462
2268.09681033655
2202.73312566179
2207.34078852153
2178.89287771284
2192.0862428737
2238.47514053265
2200.75867982218
2230.41224510806
2238.4144635805
2244.781920647
2224.47161963302
2226.73918043144
2238.96478044414
2230.82263858687
2231.31404457752
2220.12741804803
2254.87207786657
2256.13874057067
2241.00670298425
2244.07926668651
2292.60097782664
2246.7151851383
2257.01826131664
2232.21138630759
2209.24317178795
